39, -1.4448949782046947,
46, -0.8182860273303455,
49, 1.828999571702437,
38, -2.5254400041861693,
31, 2.2247092423924126,
41, 1.642463497380652,
44, 0.0577022535431071,
31, 1.8815572391808928,
37, 0.8038793019723259,
36, -0.1985321586265692,
38, 0.8361526356863496,
38, -1.4663589919122744,
31, 0.7321647915670348,
49, -0.6106867840394491,
36, 1.3360890015672275,
41, 0.9418271446302924,
47, 0.8866594883009824,
33, 1.934978687465227,
37, -0.05117334024890149,
41, 0.6782295252942867,
32, -2.2085882178782623,
34, -0.08721710574029824,
35, 1.4611578814688733,
46, -0.22323873701379635,
33, -1.6498275812100498,
44, -0.07721817738168596,
48, 0.881875269766164,
37, -0.1273769428118131,
31, -1.9035680231914942,
48, -0.6685473520976309,
48, -0.5826813282823813,
47, 1.464660941761045,
41, 0.15906312705992812,
34, -1.7349771376008432,
34, -0.8481837405031349,
37, 0.7457210352615663,
43, 0.21534799878949282,
34, -0.7961562157241071,
34, 0.17366949658770434,
42, -2.323446505120912,
41, -1.7464507306548953,
45, 1.425673824958133,
30, 0.01924001790052203,
34, 1.4454651329955277,
36, -0.579408133890272,
44, -0.4312687156359377,
31, -0.4450243317517704,
35, -0.1067522270956773,
42, -1.1112543285180656,
39, 1.250197300652854,
37, -0.24767449349478535,
43, 0.14111190529435189,
35, -2.3768378166395316,
43, -1.790284454288631,
46, 0.3987486684319705,
31, 0.19642784072694294,
37, -1.0930549548686026,
37, 0.4923221153202174,
40, 0.8071041813575093,
42, -0.9749966793929509,
42, 0.9604376396559249,
38, -1.6927487218485135,
33, -0.804971450578397,
45, -0.16075874415818509,
33, -2.481750792744481,
35, -1.469298917211863,
33, 0.16723678514013754,
40, -0.5874941130354763,
32, 0.6320272250765948,
37, 1.610475052800472,
48, -2.045169539592498,
33, -0.9418983680972334,
31, 0.4820444886169908,
48, 0.18989467566225038,
33, 0.71246352181293,
44, 1.3678244654300902,
39, -1.302822692344533,
44, 0.9712532395119596,
30, -1.29897413614132,
44, -0.48408808727935126,
40, 0.882230967545604,
48, -1.4942213383958276,
36, 0.752193153313083,
42, -0.33666013522843946,
32, 1.671995890979114,
33, -0.38743874798847455,
38, 0.1870467006907749,
47, -0.2106597428445565,
45, 1.6639269920015247,
49, 1.1884402355249792,
40, 2.1840159257066016,
37, 1.5304385476418285,
37, -0.9702119694965107,
32, 0.12119200272139825,
47, 1.75612210146593,
34, 0.191833672876835,
31, -2.374623353361689,
39, 0.00634999897456032,
31, -0.8765524656127726,
40, 0.35322234083774656,
34, -0.17202465237412523,
40, 0.9318481609394798,
35, 1.3076493255698756,
44, 0.0021767752118941196,
47, 0.6515472365755892,
38, 0.1810238115982363,
36, 0.7927836411119056,
31, 0.40510934640103374,
32, 1.3117514188595816,
43, -0.186421597128514,
42, -1.0918072984648106,
36, -0.05987428018297428,
35, -1.2027465655473455,
49, 0.04198575552783675,
49, -0.3916942961068283,
39, -0.4064414088911648,
33, -0.9978088202640689,
44, -0.8521695670599817,
40, 1.7372633133586393,
41, 1.4685618344068778,
41, -0.13475429395937463,
34, 1.5704684730690353,
48, -0.1395719384097624,
45, 0.5404195589305599,
49, -0.5347601461303283,
30, -0.5860586328185806,
30, 0.32103597587882204,
41, 1.4933359157468136,
35, 0.19168271700984826,
38, -1.563890106697916,
34, -0.38200633198929984,
32, -0.7669630949568591,
34, -0.05773324494673226,
39, 0.19387909962862862,
47, 0.9219343823551557,
48, 0.7914999605285229,
39, 0.7930708746539714,
40, 0.7368864828098955,
41, -1.7314982379538524,
30, -0.6651493563761116,
43, 0.18917231668147605,
38, -0.027864995191507848,
34, 1.671889546500044,
48, 0.029728945612430308,
43, -0.8130824523883211,
38, 0.7266308938099298,
36, -1.3893034015844525,
48, -1.6989887127538468,
34, 0.4398196003920095,
38, -0.2233318237566233,
48, -0.28236346518443084,
30, -0.15171548414053132,
31, 0.3035344863059843,
30, -0.29256556525996474,
30, -0.7814268469835414,
41, -0.27022900893404767,
47, -0.45657086544120096,
39, -0.15771947133180425,
45, 1.0772932833606201,
32, -0.2641320212990858,
35, -0.021233686784116176,
33, -0.6036724883507616,
36, 0.18127621678075873,
46, 0.43724428794327225,
39, 2.20761508957277,
43, -0.5339520261966433,
36, 0.0466777419285231,
36, 0.5206249243038749,
44, -0.4131832126806537,
36, 1.1766066274900011,
46, -0.426437977823947,
37, -0.20246113538068417,
49, -0.7428941997511713,
33, 0.5536477913552988,
40, -1.0363229801989002,
45, 0.21164184460979274,
35, 1.357930926617164,
45, -1.7734297531082412,
45, -1.3697899425360667,
38, 0.18771713523346378,
38, -0.7421291860412023,
33, 0.5189319155175859,
35, -1.5142104819922757,
48, 1.3121150798709051,
49, 0.573967853292552,
41, 0.7447295253693816,
32, 0.23927378312429928,
46, -1.918817085086744,
49, -0.6843590541794365,
38, -0.5388156171227296,
34, 0.32964421745708367,
46, 1.7876573693452427,
40, 1.3039682920211215,
41, 0.526901015457978,
42, 0.5967689388805728,
43, 0.3705999644610139,
39, 0.1582311774235267,
49, 2.0736121072570795,
42, -0.43971366006722695,
45, 0.17798766990504022,
39, -0.1542430189365976,
43, 0.8780248980870438,
32, 0.7270710488797394,
49, 0.7013361928119373,
38, 0.039471323472306384,
31, -0.021033777521814796,
30, 0.7119300408738962,
34, -0.00996417195576463,
35, -0.27812724296530683,
49, 1.27538553558305,
48, -0.6525357412868987,
46, 1.3600331861500126,
49, -1.132070582686221,
32, 0.042402480176564124,
48, -1.9952676465203738,
34, 0.8879102752138214,
38, 0.16997841207891937,
30, 0.788127045525468,
49, -0.6910205967988442,
33, 0.5190205436212026,
30, -0.6390086525058183,
42, -0.12380222184167188,
37, -1.2470159361133222,
31, 0.5135489601613575,
42, -0.8079659870865575,
46, -0.9193984729390074,
45, 0.0610080471693072,
42, 0.2590840878689197,
46, 0.6168205582421435,
45, -2.3009301193700393,
34, 0.7121198454216279,
39, -1.1278543736022244,
38, -0.29106408925357086,
40, 1.4173136757959974,
35, -1.1172025475429996,
30, -1.053513308141096,
49, 0.14165268640259188,
45, -1.2808339882250708,
43, 0.9162498787434251,
37, -1.059550002248725,
35, 1.4325971669110327,
34, 0.2734369194915056,
41, 1.1399072934119845,
44, -1.2805522019682158,
31, 0.9267032845306217,
41, 0.46553285239141456,
35, -2.8551162798912877,
30, -0.7308173972384796,
37, 0.2020972505101924,
40, -1.3373632638314117,
49, 0.4012789342487792,
38, 0.5962024487061294,
45, 0.27007744899445113,
45, -0.7099906275498133,
49, -0.4787239029834362,
31, -0.6344773512279869,
31, -0.14205698908150416,
47, 1.4137108935145128,
34, -1.9429119739032297,
41, -0.47055147491860266,
36, 0.45096915585762726,
34, -0.04001955862024215,
35, -0.6767743440412154,
46, -0.02717415853294159,
49, 1.023683538704767,
47, 0.7372510739508361,
33, 2.2317261847942214,
35, 0.24000746500562825,
33, -1.0082708706841257,
40, -2.8986996636673905,
35, -1.628090357865872,
33, 0.9223401392829822,
36, -0.1888376320514811,
36, -0.38475093180479025,
45, -1.9161477437261096,
37, -1.1428629388087932,
40, 1.2185533568533646,
49, -0.6084581498291808,
30, 0.3556624572767822,
35, -0.5001123237596375,
44, 1.554628039456925,
32, 2.575501463014264,
45, 0.5517587221899947,
35, 1.4528641608884503,
40, 1.3118741927378355,
41, 1.0291497496307451,
32, -0.10994129690008697,
37, 0.5974139720282681,
40, 1.1380447102096185,
49, 1.5497220339071498,
37, -0.10002175077664262,
47, -0.7335226070121816,
38, 1.24370637292803,
44, -1.7885199897759423,
45, -0.9621775408640713,
39, 0.49017585679918013,
38, 0.2850259279001668,
31, 0.5787371970299392,
48, -1.2800215126542902,
47, 1.2613537107072263,
