43, 0.39698791617844503,
34, 0.7834220812516678,
39, -0.345623254932845,
41, 0.3780668763644974,
49, -1.4633971372743404,
36, -0.3055450814015593,
39, -1.0662716758138981,
33, 0.18351975711105334,
45, -0.5687138303251635,
31, 0.0591281780248695,
44, 0.24927465652337377,
39, 0.35159104967387217,
45, -0.033676244447822155,
30, 0.4369404375164327,
49, 1.38437903022832,
37, -0.23256191487024952,
47, -0.7472898352126356,
37, -0.8951317960136316,
43, 1.3513253235107627,
43, 1.204128185833476,
39, -2.1484101548613137,
44, 0.2659486588958723,
38, 0.8262300890954878,
42, -0.023893732162679964,
33, -1.1961391267013326,
33, 0.7962232206664388,
38, 1.387135394272387,
31, -1.0611044970276657,
43, 0.3917156579901588,
44, -0.8265241965805784,
42, 0.8281376577159181,
40, 0.5443583369185402,
45, -0.7435862651353936,
42, -0.1050889084790532,
44, -0.548810194252903,
49, -0.054651728647979396,
41, -0.18922573396662523,
31, -0.053590094740365274,
39, -0.8765774657591859,
46, 0.5986984795468919,
43, 1.2159613156013487,
32, -1.9653235237278515,
37, 0.21055348001286764,
31, -0.05703481209207059,
38, 0.4823491446646456,
40, -0.33119560708470663,
39, -1.2736563282870021,
42, 0.34517861485602974,
49, 0.06071025157416201,
34, 0.5671301759858101,
45, -0.30140012314706294,
44, 0.5186060329532218,
49, -0.3657816302576576,
38, 0.5986527099982065,
40, 0.848717220892288,
32, -0.4597756425946863,
31, 0.1254899656354943,
33, -1.0082090161671806,
35, 2.2461256111350307,
32, -0.5790585997463571,
39, 0.7205737821954646,
30, -0.9122783390684117,
39, 0.3421051255945324,
37, -1.3018923467263017,
41, -0.4812756762266759,
47, -2.151319032772317,
49, 1.2857059414372782,
49, -0.19059489027740278,
48, 0.5988048827108022,
43, -1.47275273239171,
30, 0.32801393636596515,
46, -0.5981982882481206,
48, 0.23131727724533094,
31, 1.011578717178752,
34, 0.07287074654188452,
41, 2.3774152259409225,
36, 1.421596910468607,
37, 0.02193711198471305,
42, -0.43178663460021494,
46, -1.133850710057884,
35, -0.9400050487448111,
48, -0.674596367998504,
33, 1.300526451995317,
42, 1.3085648902381384,
40, -1.1341510629055034,
38, -1.0222563139973007,
43, -0.4171821778637634,
42, -0.2477054117782581,
38, 1.6607532367486133,
39, -0.22674116553144635,
39, 0.13559703189458838,
49, -0.6112226495566238,
35, -1.7223734995479472,
35, 0.30367387276669905,
35, 0.5562061827549222,
43, -1.240754695429127,
43, -0.6665798481833473,
46, 0.2793288900301419,
37, -1.121708228049932,
39, -0.11841750640313578,
46, 0.2699241565307243,
46, -0.6882312837200015,
48, -1.0611914857191083,
34, 1.3671753069089092,
36, -0.2197660128366538,
48, -0.2356928757910572,
42, -0.051155971145829406,
40, -1.1546755396220765,
44, 0.8560547511183394,
38, 0.07775151191965364,
38, 0.7639987510193276,
30, -0.8912184929016471,
39, -0.08888922552154647,
39, -2.2027751943723715,
30, -0.5918132702034344,
47, 2.9549410361622694,
35, 1.1508648247237536,
43, -0.4878005584707917,
44, -0.8379705669782583,
37, 0.5443171767410339,
38, 0.20344332575688467,
38, 0.23001205731659036,
40, -0.31225084118972896,
33, -1.1534558243185278,
36, -2.05291276456187,
37, 1.8200738649515869,
45, 0.036375183804147136,
43, 3.263696262637128,
32, 0.6608729364013609,
49, -0.7174061992527934,
45, 2.630192841157015,
32, -0.6446836771224144,
30, 1.9943479846471994,
38, -1.3075780982331122,
40, 1.4044540957935339,
47, -0.08325348845881257,
33, -1.8543202495311386,
30, 0.9655444036331321,
37, 0.19690808998091938,
34, -0.06164230650082355,
42, 1.3557018618443275,
31, -1.6993206820260502,
30, -0.1313346868639909,
31, -0.03242992467562372,
30, -0.28488157504527545,
45, -0.19313358636704717,
44, 1.6913037744847812,
43, -1.5363665284497428,
34, 1.250491189731024,
34, 0.127087895342408,
49, 1.7840975630146179,
44, -0.13033126205667694,
41, 0.7763627583399576,
45, -0.42996677425751234,
41, 0.18135751129733907,
49, -1.5524314779434578,
38, 0.047235811824629895,
48, 1.8429489476334024,
32, 0.4366852857985827,
47, -0.5807468743694177,
42, 0.5948164670116133,
41, 0.3252893791324292,
37, -0.6175086350767564,
37, 1.346591967991975,
32, -0.4310523549613114,
44, 1.5947407920833685,
44, 1.760473592255813,
39, 0.5072988370168275,
39, 1.4353788041374238,
44, 0.13092955788599916,
33, 0.8966125542662045,
32, -0.20450876634908047,
31, 1.0285172950150392,
33, -1.0886560832528371,
48, 1.0765368653682206,
40, -0.5360092703476628,
31, 0.38868269499779246,
39, 2.1514237810426518,
44, 1.4317626446136689,
45, 0.6496626657436398,
37, 0.8907488155904376,
38, 1.6020006005806597,
49, 0.21403210776798548,
40, -0.5289817059580366,
47, -0.00816857271170687,
48, 2.6018990064135687,
48, 1.734446789884747,
30, 2.5048712309957586,
36, 1.5803835855379942,
43, -0.20690180750350412,
41, -0.035036594589464884,
49, -0.5782898042815069,
49, -1.1623595187608076,
33, 1.1270697025044285,
33, 0.32389218289727933,
36, -0.12664157232524173,
46, 0.5416207210339473,
33, 0.8752069636859627,
30, -0.40448332941217546,
45, 0.7427057494886192,
30, 0.7528944271540443,
39, 0.1594547593304523,
35, 0.719470819713764,
47, 1.3177238879920479,
30, -0.32449038730223345,
35, -0.610084501507616,
38, 0.8633900964009453,
48, -1.0067513685023703,
36, -0.461944115866245,
35, 0.32998490287889576,
47, -1.4089006252555252,
31, -0.6654254112831509,
32, -0.6529759828486554,
31, 1.2363255490926888,
34, 0.9268193980719852,
44, -1.8532151916728314,
38, 0.9444643632663614,
49, -1.0509451275694197,
36, 0.17319656877388712,
32, -0.5168237083047726,
46, 0.04647895578814352,
39, 1.2209916330356592,
38, -0.04011371592771374,
49, -0.42669963744794925,
46, -1.3099567692965055,
49, -0.9459438311054651,
49, -0.32328718832544245,
35, -0.5661853344017252,
30, -0.21002737110494468,
46, -0.31543266132688397,
48, -0.7812653596447015,
43, 0.4063726779206966,
38, 0.4561183412190524,
48, -0.526244401052128,
41, 0.45413122308476855,
47, 0.1798116435242598,
41, -3.32433860456072,
32, 1.0621308874354387,
30, -0.0341671709117241,
48, -1.0412103606992584,
44, -0.7732775149834921,
47, -1.5598396078749242,
30, -2.274704470289238,
33, 0.38908877227346783,
36, 1.5486313173678559,
39, 0.4213611191988256,
49, 2.090275745866315,
31, 0.1837747309791255,
37, -2.0725874798650668,
34, -1.3411998213748662,
30, -2.8007955265746394,
43, 1.8142343056944155,
39, -0.7827090148686399,
37, 0.2590699972432845,
36, 0.4215677302192146,
43, -2.2811412368440576,
39, -1.1888630318809181,
37, 0.5184466246627948,
47, -1.9997588794564067,
47, -0.4736431595932924,
43, 0.25735485466818947,
30, 2.1174534828928295,
33, -0.4606501589552647,
45, -0.3715160223757402,
45, 1.0000313739024076,
35, 0.6008006147297296,
38, 0.558332507899322,
33, -1.741084975517676,
42, -2.4102770849593136,
45, -0.42877723507126936,
43, 0.618589140900378,
49, -0.010915482429752921,
41, -0.39209464954336154,
32, -0.17390415978150608,
34, 0.031038715619620058,
39, -0.18093948081930136,
44, 1.0773927100865637,
44, -0.4143438096644846,
46, -0.17517796040465866,
44, 1.5815405524993393,
31, -0.040469963572390334,
43, -1.3855661483046287,
32, -0.2695698046922069,
41, -1.0740612287798699,
44, 0.24193565711147702,
41, -1.6152238813761235,
40, 0.14169532731199214,
36, 0.36678967308079813,
31, -0.8935194387003921,
48, -1.0343615629795202,
39, 0.8020608219966303,
47, -0.06362305545382134,
44, -0.42659972145675856,
36, 0.49588408201677747,
32, 0.6856667000840033,
41, -0.07208312469001407,
44, 1.6450489575278406,
31, -0.05006947132785771,
30, -0.7915897205339473,
35, -0.13543304705344772,
