40, -0.5136329255170338,
42, 1.3569256700946601,
43, 1.0150885940774168,
43, -1.6277793454095184,
44, -0.9498216300139558,
43, 1.540166443923157,
43, -0.7770525340059116,
48, -0.8234753967092067,
34, 1.5360021399700083,
34, -0.9817024397013481,
31, 0.14675989878318638,
32, -0.04938717163182472,
34, -1.1444969742038236,
43, -0.5264573528935884,
39, -1.7658418239702656,
34, -1.7596967425784098,
47, 2.08782990725957,
34, -0.2518522738223456,
31, -1.7657347911629422,
44, -0.0703813405057542,
34, 0.3706000372087308,
47, -0.6569791914393398,
33, 2.445149347590275,
39, -0.12196302636948701,
37, 0.8029923064750358,
37, -1.5788522074566438,
33, 0.9354772754010574,
38, -1.066706455356347,
34, 2.2587214746248185,
31, -1.4165774533259843,
41, -0.5472121872644716,
35, -1.120841306651756,
47, 0.49791116441483674,
38, -2.0326070222085826,
49, 1.0744358303676529,
37, 1.629732956063147,
41, -0.06159846397054632,
39, -0.7795435273951421,
42, 1.7541435741479243,
46, 0.46853625289801326,
34, -1.2405125437175393,
49, -0.8072703329585795,
34, -0.41303105112483257,
41, -1.0020968824556333,
43, 0.37039730760358536,
36, 0.45961845374120214,
40, -0.3018169206523299,
36, 1.2002923961676304,
31, 1.6236536776316004,
38, 0.21052403719382648,
49, 0.09345747416039235,
43, -1.202906122558911,
38, 0.0896430601169792,
48, 0.14700617498468335,
42, -0.48033826273218116,
42, -2.052213480482734,
49, 0.6811559996687817,
36, 0.07176274786701205,
37, -0.06359759624867885,
41, 0.4171391385308312,
36, -0.17426260152227152,
40, 0.3828786225810548,
35, -0.3453785943502908,
45, -0.4834198065265814,
38, -0.5640574060954945,
38, -0.8320434482273801,
31, -0.002974998561527107,
33, -1.4505114610473242,
41, -0.46093985666583953,
30, 0.0830291096615679,
30, 0.3116793434957125,
37, -0.3992556107201846,
46, -0.149150684253378,
44, -1.4309508722468778,
42, -0.8842859838693196,
42, -0.3404222868207553,
44, -0.31896385120969967,
41, -0.49456719620892775,
36, -1.2547096181957973,
33, 0.4048599902260553,
39, 0.4181311376799068,
46, -0.9230668122693079,
39, 0.13548280120873885,
39, -1.565118358473736,
33, -0.33733037659272724,
36, 0.7106432970493121,
40, 0.4163280036669929,
32, 0.728793659774433,
47, 0.6651621740678578,
35, -1.1812266465821062,
34, -0.9458586080432749,
43, 2.574679381448753,
43, -0.39363109513529365,
47, 1.0500428412107397,
41, -0.19550245356511495,
33, 1.5866216543093563,
47, 0.517556425384611,
40, 1.2429198092807812,
44, 0.780144068491256,
46, -0.2666863018022892,
45, -0.2889560201896152,
43, -1.3053944632745873,
46, -0.24094213723547805,
46, 0.7155295379490044,
40, 0.8960562259733192,
32, -0.2877337596032548,
41, 0.9326259723917593,
33, 1.4336787850370396,
41, -1.5611582048314994,
47, -0.20110573693571773,
41, -1.809242676882015,
45, 2.7407096650115212,
30, 1.2774032262604205,
31, 1.1266074419462597,
32, -0.4297177555217725,
36, -0.2328334168570039,
42, -0.5142634368483836,
41, 0.056737408642403966,
44, 0.03877644594693682,
48, 1.8934644199481871,
46, 1.4190219725186555,
41, -1.2636686811488047,
46, -1.2812474358244008,
47, -1.6113080351953193,
35, -0.7821431883811091,
42, 1.4416758608853146,
34, 0.6627576747772823,
40, -0.9173581266097699,
49, -0.3769589686470366,
43, 2.0256323216771643,
40, 1.1664300786475443,
34, -1.19888866759,
47, 1.0679267841050561,
34, 1.3131144250291746,
40, -0.5155194485632458,
36, -0.24940268810263944,
45, 1.5531471414306213,
31, -0.9328029957241353,
46, 1.3050407760537794,
41, 0.10619450626448318,
45, -0.03953784974422568,
35, 1.1759299381569777,
43, -0.09045132731204521,
30, 0.17870811244661108,
44, 0.05201101421620474,
38, 0.20439776659406117,
31, 1.2585975240776734,
30, 0.3041857095484826,
46, 1.093002912492918,
35, 0.3004630968159469,
49, 1.0100257503384265,
47, -0.9662382114421888,
33, 0.6967979750466641,
46, -1.1761807647183704,
48, 0.15402360527331654,
42, 1.313843722140012,
46, -1.4605932856908044,
30, -1.4070590014241648,
42, -0.06782280081405874,
49, 0.09556250501308622,
42, -0.6118043347375238,
44, -0.5006459065287265,
37, -0.9667287766331077,
37, -1.3130679697811207,
32, 0.13236496016873825,
47, 0.051892049915924415,
30, 0.5104468034932717,
38, 1.1696068768418013,
47, -1.6619123892423553,
49, -0.5690583243157569,
47, -1.0241998572177455,
45, -0.04326007269060538,
49, 0.06439079228008554,
39, -0.845634221883884,
47, -0.7366108545607294,
48, -0.6378369203111803,
48, 0.09583093794884985,
39, -0.3427708293504437,
44, 0.5738989752139557,
35, 0.13037508182913732,
43, 0.9669859978134102,
38, -1.3617727875799108,
33, -2.0157942541188727,
42, 1.3540896551237847,
38, 1.976533998521885,
38, 1.7128466701777885,
35, -1.1120512674529983,
46, 0.583469412769975,
41, 1.206941222430571,
38, -0.6480837107920919,
47, 0.994026783813518,
31, -0.9536950156977239,
30, 0.4329966769680545,
44, -0.3546137220967601,
40, 1.1011590721031645,
47, -0.08781196603719503,
38, -0.5958924291461125,
45, -0.5168505313166807,
44, 0.5143063502958093,
39, -0.2833028392060805,
32, 1.2349099937541574,
40, 0.12917722815909413,
37, 0.5781190829737335,
39, -2.0694910916431524,
38, -0.14634657200588827,
46, -0.34146726602076855,
39, 0.7530471939099602,
32, 1.120711483411386,
44, 1.3988257382767064,
44, -1.1487048407920362,
40, 0.9258990141214811,
34, 1.2344636034691467,
46, 0.9557544145944006,
43, 1.7233477935686834,
31, -0.7531008572332364,
37, -2.017173650162768,
39, -1.0170028732529548,
36, 1.4015696309819934,
47, -0.5888647603424529,
31, 1.4358954703680706,
37, 1.0485526707089525,
41, 2.05799256224826,
44, -1.6209604683783096,
46, 3.130704816875359,
49, -0.09210441966033954,
39, 0.07641733362628773,
49, 0.06645118342579841,
33, 0.8451017054367855,
33, -0.1677682194124101,
31, -1.4993268760048697,
41, -0.8948081809277835,
44, -0.8516603192425228,
38, 0.2910282041048055,
43, -0.6505182610849874,
39, -0.5288541881011547,
40, 0.2095825418596527,
41, 1.734373372148336,
37, 0.3370951337984289,
45, 0.08745199926943102,
44, 1.8725599391160157,
39, 0.5263846550741657,
32, 0.30810861376911014,
39, 0.8863696104732409,
47, 1.501179219168628,
43, -0.9718813839687466,
33, 0.7286425197388999,
46, -1.1574329028332884,
41, 0.44034625471752314,
37, -0.21169142414061665,
34, -0.49878987241685196,
34, 2.0171408298099824,
48, 0.9927055556269051,
46, 0.24102812844072852,
35, -0.8524949185880603,
36, -0.026403159223074103,
45, 0.7949535714978094,
32, -0.06644397343541081,
46, 0.09981675034736649,
40, -0.4302493046933759,
40, -0.1657444758729688,
32, 1.7817050462302992,
44, 0.34082021355420217,
48, 0.672654390334871,
33, 1.4131984137093496,
48, 1.7207149778546875,
33, -0.7769733058144742,
48, -0.6888142388902319,
38, 0.8881450541907259,
36, 1.3256910740556156,
49, 0.34553347907733645,
37, 0.8130684275820211,
49, -1.0843814113998216,
48, 0.14596399243506336,
35, -1.5971785115967005,
37, 0.9235480702310019,
48, 0.21470420803129642,
38, 0.3028041496107097,
40, -0.5915708320281752,
44, -0.5970908224330719,
43, 0.8906436190994703,
45, 1.0801231705606322,
49, -0.9258787587117261,
30, -0.06427674025389578,
47, -1.0701141763370028,
32, -1.3402227864063132,
43, -0.2134086540498886,
49, 0.3927328209106216,
44, -0.8255017130965969,
44, -0.587081326913272,
33, -1.2102761996586575,
32, -1.4212844243833955,
32, -2.4543717792125657,
36, 0.7078559051148063,
34, 0.6166668332004476,
37, -0.6338832846086065,
41, -0.6404182096652485,
47, 0.6439220501029639,
46, 0.5873056498504177,
41, 1.4585221630030956,
30, -0.43162326081385816,
